# Created by Octave 4.0.0, Mon Aug 15 13:39:24 2016 EEST <canaknesil@can-msi-ubuntu>
# name: akasya
# type: matrix
# rows: 14
# columns: 1
 0.010056
 0.052217
 0.149801
 0.327107
 0.608901
 0.9731
 1.576836
 2.265148
 3.212862
 4.404757
 5.825475
 7.477913
 9.512886999999999
 11.789424


# name: allnptime
# type: matrix
# rows: 90
# columns: 1
 0.965742
 0.725993
 0.6059
 0.5208390000000001
 0.481225
 0.4592
 0.431711
 0.884733
 0.992699
 1.263102
 1.466054
 1.839253
 1.91677
 1.202294
 1.792341
 0.946784
 0.67428
 0.604059
 0.524411
 0.499465
 0.457652
 0.416025
 0.794363
 1.275002
 1.490515
 1.986004
 1.897019
 1.104177
 1.366184
 1.853331
 0.978774
 0.666333
 0.607438
 0.519427
 0.486354
 0.421814
 0.417099
 0.928365
 1.022964
 1.720582
 1.32337
 1.029188
 1.697727
 1.898474
 1.037117
 0.947375
 0.740662
 0.589209
 0.484534
 0.465724
 0.413684
 0.457484
 0.805872
 1.027512
 0.759445
 1.91846
 1.781092
 2.311034
 1.81474
 1.590368
 0.952644
 0.739298
 0.59778
 0.5299509999999999
 0.469692
 0.420006
 0.412152
 0.815134
 1.733168
 0.764079
 1.232562
 1.746499
 1.24687
 1.240733
 1.575251
 0.9816780000000001
 0.727619
 0.6053230000000001
 0.50097
 0.484458
 0.447875
 0.46305
 1.18845
 0.887213
 0.779767
 1.135949
 1.427219
 1.277682
 1.729683
 1.857764


# name: ans
# type: matrix
# rows: 1
# columns: 14
 0.004296437317784257 0.03437149854227405 0.1160038075801749 0.2749719883381924 0.5370546647230321 0.9280304606413995 1.473678 2.199775906705539 3.132102804664723 4.296437317784257 5.718558069970846 7.424243685131196 9.439272787172012 11.789424


# name: i
# type: scalar
15


# name: myplot
# type: scalar
1


# name: n
# type: scalar
6


# name: ncube
# type: matrix
# rows: 1
# columns: 14
 0.004296437317784257 0.03437149854227405 0.1160038075801749 0.2749719883381924 0.5370546647230321 0.9280304606413995 1.473678 2.199775906705539 3.132102804664723 4.296437317784257 5.718558069970846 7.424243685131196 9.439272787172012 11.789424


# name: np
# type: range
# base, limit, increment
2 16 1


# name: npplot
# type: scalar
2


# name: nptime
# type: matrix
# rows: 15
# columns: 1
 0.9621661666666667
 0.7123641666666666
 0.6016181666666668
 0.5133553333333334
 0.481153
 0.4367051666666666
 0.4329201666666667
 0.9028195
 1.156426333333333
 1.129581666666667
 1.510399833333333
 1.620045
 1.592376666666667
 1.542018
 1.617695333333333


